Time	Voltage	Temp [C]
0	2.25	23.82
1	2.25	24.21
2	2.25	25.15
3	2.25	26.28
4	2.25	27.45
5	2.25	28.58
6	2.25	29.66
7	2.25	30.69
8	2.25	31.58
9	2.25	32.46
10	2.25	33.24
11	2.25	33.93
12	2.25	34.62
13	2.25	35.21
14	2.25	35.8
15	2.25	36.29
16	2.25	36.78
17	2.25	37.22
18	2.25	37.66
19	2.25	38.05
20	2.25	38.4
21	2.25	38.74
22	2.25	39.08
23	2.25	39.38
24	2.25	39.62
25	2.25	39.92
26	2.25	40.21
27	2.25	40.46
28	2.25	40.65
29	2.25	40.9
30	2.25	41.1
31	2.25	41.24
32	2.25	41.49
33	2.25	41.68
34	2.25	41.83
35	2.25	42.03
36	2.25	42.18
37	2.25	42.37
38	2.25	42.47
39	2.25	42.62
40	2.25	42.76
41	2.25	42.86
42	2.25	43.01
43	2.25	43.16
44	2.25	43.25
45	2.25	43.35
46	2.25	43.45
47	2.25	43.6
48	2.25	43.7
49	2.25	43.75
50	2.25	43.89
51	2.25	43.99
52	2.25	44.04
53	2.25	44.14
54	2.25	44.24
55	2.25	44.33
56	2.25	44.43
57	2.25	44.48
58	2.25	44.53
59	2.25	44.63
60	2.25	44.73
61	2.25	44.73
62	2.25	44.83
63	2.25	44.92
64	2.25	44.92
65	2.25	45.02
66	2.25	45.12
67	2.25	45.12
68	2.25	45.17
69	2.25	45.27
70	2.25	45.32
71	2.25	45.36
72	2.25	45.41
73	2.25	45.41
74	2.25	45.51
75	2.25	45.51
76	2.25	45.56
77	2.25	45.61
78	2.25	45.66
79	2.25	45.71
80	2.25	45.76
81	2.25	45.76
82	2.25	45.86
83	2.25	45.86
84	2.25	45.9
85	2.25	45.95
86	2.25	46
87	2.25	45.95
88	2.25	46.05
89	2.25	46.1
90	2.25	46.1
91	2.25	46.15
92	2.25	46.2
93	2.25	46.25
94	2.25	46.25
95	2.25	46.3
96	2.25	46.3
97	2.25	46.35
98	2.25	46.35
99	2.25	46.4
100	2.25	46.4
101	2.25	46.44
102	2.25	46.49
103	2.25	46.49
104	2.25	46.54
105	2.25	46.54
106	2.25	46.59
107	2.25	46.59
108	2.25	46.59
109	2.25	46.64
110	2.25	46.64
111	2.25	46.69
112	2.25	46.74
113	2.25	46.74
114	2.25	46.79
115	2.25	46.74
116	2.25	46.79
117	2.25	46.79
118	2.25	46.84
119	2.25	46.84
120	2.25	46.89
121	2.25	46.89
122	2.25	46.89
123	2.25	46.94
124	2.25	46.98
125	2.25	46.98
126	2.25	46.98
127	2.25	46.98
128	2.25	46.98
129	2.25	47.03
130	2.25	47.03
131	2.25	47.03
132	2.25	47.03
133	2.25	47.08
134	2.25	47.13
135	2.25	47.08
136	2.25	47.08
137	2.25	47.13
138	2.25	47.13
139	2.25	47.13
140	2.25	47.18
141	2.25	47.23
142	2.25	47.18
143	2.25	47.18
144	2.25	47.23
145	2.25	47.23
146	2.25	47.23
147	2.25	47.28
148	2.25	47.28
149	2.25	47.28
150	2.25	47.28
151	2.25	47.33
152	2.25	47.33
153	2.25	47.38
154	2.25	47.38
155	2.25	47.33
156	2.25	47.38
157	2.25	47.38
158	2.25	47.38
159	2.25	47.43
160	2.25	47.38
161	2.25	47.38
162	2.25	47.43
163	2.25	47.43
164	2.25	47.43
165	2.25	47.48
166	2.25	47.43
167	2.25	47.48
168	2.25	47.52
169	2.25	47.52
170	2.25	47.52
171	2.25	47.52
172	2.25	47.52
173	2.25	47.57
174	2.25	47.52
175	2.25	47.52
176	2.25	47.52
177	2.25	47.57
178	2.25	47.52
179	2.25	47.57
180	2.25	47.57
181	2.25	47.57
182	2.25	47.62
183	2.25	47.57
184	2.25	47.62
185	2.25	47.57
186	2.25	47.62
187	2.25	47.62
188	2.25	47.62
189	2.25	47.62
190	2.25	47.67
191	2.25	47.67
192	2.25	47.62
193	2.25	47.67
194	2.25	47.67
195	2.25	47.72
196	2.25	47.67
197	2.25	47.67
198	2.25	47.67
199	2.25	47.67
200	2.25	47.72
201	2.25	47.72
202	2.25	47.72
203	2.25	47.72
204	2.25	47.72
205	2.25	47.72
206	2.25	47.72
207	2.25	47.77
208	2.25	47.72
209	2.25	47.72
210	2.25	47.72
211	2.25	47.77
212	2.25	47.72
213	2.25	47.77
214	2.25	47.77
215	2.25	47.72
216	2.25	47.77
217	2.25	47.77
218	2.25	47.77
219	2.25	47.77
220	2.25	47.77
221	2.25	47.77
222	2.25	47.82
223	2.25	47.77
224	2.25	47.77
225	2.25	47.77
226	2.25	47.77
227	2.25	47.82
228	2.25	47.82
229	2.25	47.77
230	2.25	47.82
231	2.25	47.82
232	2.25	47.82
233	2.25	47.82
234	2.25	47.82
235	2.25	47.82
236	2.25	47.82
237	2.25	47.82
238	2.25	47.82
239	2.25	47.87
240	2.25	47.87
241	2.25	47.87
242	2.25	47.82
243	2.25	47.87
244	2.25	47.87
245	2.25	47.87
246	2.25	47.87
247	2.25	47.87
248	2.25	47.82
249	2.25	47.87
250	2.25	47.87
251	2.25	47.87
252	2.25	47.87
253	2.25	47.87
254	2.25	47.82
255	2.25	47.87
256	2.25	47.87
257	2.25	47.87
258	2.25	47.92
259	2.25	47.87
260	2.25	47.87
261	2.25	47.87
262	2.25	47.92
263	2.25	47.87
264	2.25	47.87
265	2.25	47.87
266	2.25	47.87
267	2.25	47.87
268	2.25	47.87
269	2.25	47.87
270	2.25	47.87
271	2.25	47.87
272	2.25	47.87
273	2.25	47.92
274	2.25	47.87
275	2.25	47.87
276	2.25	47.87
277	2.25	47.87
278	2.25	47.87
279	2.25	47.87
280	2.25	47.87
281	2.25	47.87
282	2.25	47.87
283	2.25	47.82
284	2.25	47.87
285	2.25	47.87
286	2.25	47.87
287	2.25	47.87
288	2.25	47.87
289	2.25	47.92
290	2.25	47.87
291	2.25	47.87
292	2.25	47.87
293	2.25	47.87
294	2.25	47.92
295	2.25	47.87
296	2.25	47.87
297	2.25	47.87
298	2.25	47.87
299	2.25	47.87
